1950 8,639
1951 8,678
1952 8,730
1953 8,778
1954 8,819
1955 8,868
1956 8,924
1957 8,989
1958 9,053
1959 9,104
1960 9,153
1961 9,184
1962 9,251
1963 9,328
1964 9,428
1965 9,499
1966 9,528
1967 9,581
1968 9,619
1969 9,660
1970 9,656
1971 9,695
1972 9,711
1973 9,742
1974 9,772
1975 9,801
1976 9,818
1977 9,830
1978 9,840
1979 9,848
1980 9,849
1981 9,859
1982 9,856
1983 9,856
1984 9,855
1985 9,858
1986 9,862
1987 9,870
1988 9,902
1989 9,938
1990 9,967
1991 10,004
1992 10,045
1993 10,084
1994 10,116
1995 10,137
1996 10,157
1997 10,181
1998 10,203
1999 10,226
2000 10,251
2001 10,278
2002 10,333
2003 10,376
2004 10,421
2005 10,479
2006 10,548
2007 10,626
2008 10,710
2009 10,796
2010 10,840
2011 10,951
2012 11,035
2013 11,099
2014 11,150
2015 11,209
2016 11,267